world: Prison
x: -50.5758537665221
y: 53.5
z: -335.68032940369187
yaw: -0.2571263
pitch: -10.350066
name: blockone
