world: Prison
x: 104.35117814113026
y: 70.0
z: -178.45744266243935
yaw: 90.04404
pitch: -5.2499876
name: blockfour
