world: Prison
x: 108.5
y: 67.0
z: -587.5
yaw: -0.089675464
pitch: -5.3998814
name: blockeightmine
