world: Prison
x: 55.60154381719945
y: 101.0
z: -178.5908106896255
yaw: 89.61147
pitch: -3.449988
name: blockeight
