world: Prison
x: 49.80118279357835
y: 77.0
z: -178.48631452755703
yaw: -270.40164
pitch: -5.7000237
name: blockfive
