world: Prison
x: 19.024933816549215
y: 110.0
z: -178.50084023966164
yaw: 89.91073
pitch: -3.4500074
name: blocknine
