world: Prison
x: -13.983241924791368
y: 86.0
z: -178.48831516244485
yaw: 269.73108
pitch: 0.4499713
name: blocksix
