world: Prison
x: 512.6418222916108
y: 71.0
z: -308.3102059453412
yaw: 0.21701056
pitch: -12.900251
name: blocksevenmine
