world: Prison
x: -253.9242222317661
y: 74.0
z: -490.03920928705406
yaw: 0.057128906
pitch: -5.8500776
name: blockninemine
