world: Prison
x: -50.55374886914166
y: 53.5
z: -339.6564303852447
yaw: 180.49072
pitch: -13.050089
name: blocktwo
