world: Prison
x: -10.499170503329497
y: 79.0
z: -320.8438871056269
yaw: 178.9923
pitch: -2.5499842
name: blockthree
