world: Prison
x: -52.92945703717607
y: 92.0
z: -188.0526937458483
yaw: -89.340096
pitch: -0.15000392
name: blockseven
