world: Prison
x: 10.537385431561283
y: 70.0
z: -120.38746995457909
yaw: 0.09503174
pitch: 2.9995701
name: bm
