world: Plots
x: -23.730862936541186
y: 63.0
z: -18.609118070275777
yaw: 6.8999777
pitch: -5.4002323
name: Free
lastowner: c0a68af6-e4ee-4b2b-b6bd-4287d97f0755
