world: Prison
x: 208.21957842471053
y: 66.5
z: -226.4371220470748
yaw: 90.06048
pitch: -5.099926
name: prison
